extrinsics:
- - - -0.454050218963258
    - 0.32558307850952534
    - -0.8293576174652753
    - -121.71685118185039
  - - -0.8902604290587028
    - -0.12848567753255882
    - 0.4369528568635453
    - 102.74773503372931
  - - 0.03570388090435044
    - 0.9367428087032532
    - 0.34819268118544433
    - 62.41624792431392
- - - -0.8787305710452752
    - -0.15554495713737046
    - 0.4512630605529093
    - 159.55663389960137
  - - 0.4761922513836393
    - -0.35057515792005983
    - 0.8064353652782756
    - 133.54777615432434
  - - 0.03276466439055657
    - 0.9235273818130457
    - 0.3821304120439978
    - 71.10321403538073
- - - -0.7717053039512447
    - -0.17753545628254538
    - 0.6106980314493127
    - 187.43746562156906
  - - 0.6032801713101956
    - 0.09959806936688594
    - 0.7912858266658955
    - 88.68622656561706
  - - -0.2013056351855501
    - 0.9790614824110573
    - 0.0302432620860378
    - 85.868436229343
- - - -0.9933362063570954
    - -0.02166778746302025
    - 0.11319756237018266
    - 187.55947645675948
  - - 0.10424062830684815
    - -0.5878732702610955
    - 0.802208769288094
    - 175.02962344601758
  - - 0.049163732062238105
    - 0.8086628006153013
    - 0.5862144678790604
    - 178.474728143872
- - - -0.9100571536805313
    - 0.005801947845410697
    - -0.41444217260805966
    - -11.92825739670656
  - - -0.3183625378675971
    - -0.6500568410760263
    - 0.689979273495053
    - 81.53278928286235
  - - -0.2654077457750479
    - 0.7598634356063312
    - 0.5934360013608464
    - 155.64242251127422
- - - 0.302495382786161
    - 0.8518933297646345
    - 0.4275211083625908
    - 25.69398703744341
  - - -0.09189711326500442
    - 0.47251148095550477
    - -0.8765202912304968
    - -167.15442954828592
  - - -0.9487104215547614
    - 0.22585538529722915
    - 0.22121907911757357
    - 157.38364520949088
- - - 0.2633672786363837
    - 0.8980091237637724
    - 0.3524447335124856
    - 30.935761471103103
  - - -0.21240162923084616
    - 0.4103559499682104
    - -0.8868447114494002
    - -150.1459624679152
  - - -0.9410224356750204
    - 0.15870604261561422
    - 0.29881293076696547
    - 164.01524873673122
- - - 0.24181690856072718
    - 0.9160464995110377
    - 0.3199740512412019
    - 34.281184771998674
  - - -0.26612740254303885
    - 0.37972822385354776
    - -0.8859924839549858
    - -143.62596304637418
  - - -0.9331134916770997
    - 0.12909410034004
    - 0.33560978070903624
    - 162.28385763639625
- - - 0.2895344303889463
    - 0.7327142929722877
    - 0.6158730214041438
    - 71.07659631020897
  - - -0.21480591865312332
    - 0.6767606207920785
    - -0.7041686441873907
    - -128.67839253211991
  - - -0.9327530385535799
    - 0.07158789715616096
    - 0.35333686766289013
    - 166.11370335607265
- - - 0.3046938295597834
    - 0.7503211363521799
    - 0.5866684434766942
    - 59.87314786624931
  - - -0.24059466459469536
    - 0.6566144528517411
    - -0.7148228225754795
    - -121.80789364866186
  - - -0.921561651544138
    - 0.07665280588068914
    - 0.380589634322662
    - 164.17110186943788
- - - 0.3060320025990184
    - 0.7474516421742345
    - 0.5896273874204576
    - 61.09382884862401
  - - -0.24340839823008964
    - 0.6601890631726908
    - -0.7105650938078981
    - -129.11549038013885
  - - -0.9203785987604756
    - 0.07393540071038433
    - 0.3839749880727889
    - 164.18279547633063
- - - -0.05993549170315245
    - -0.19194692408632885
    - 0.9795734353115639
    - 194.7446040077718
  - - 0.9965345777382266
    - -0.068207898783009
    - 0.04760796063371291
    - -54.34412968474351
  - - 0.05767644412059137
    - 0.9790322062513592
    - 0.1953698208941197
    - 63.865284949421536
- - - 0.018428684608528503
    - -0.18588441131845138
    - 0.9823987831895925
    - 175.5437003038627
  - - 0.9981664979901853
    - -0.05323833489510531
    - -0.02879795110083304
    - -54.129161835305666
  - - 0.057654365607547324
    - 0.981128261404384
    - 0.1845624793938407
    - 64.03790178452888
- - - 0.016043014552316937
    - -0.19516919454071502
    - 0.9806383671804826
    - 175.42895401450002
  - - 0.9973435317527514
    - -0.06657145794511371
    - -0.029565531586815234
    - -54.24333456376962
  - - 0.07105280680608723
    - 0.9785076527495278
    - 0.19358272690399408
    - 59.51135329211014
- - - -0.32870200074829115
    - 0.5594779475424956
    - -0.7608806877018939
    - -115.4201264518939
  - - -0.9437310281314086
    - -0.22564842417428696
    - 0.24177372729412916
    - 89.290307490121
  - - -0.03642445944836165
    - 0.7975382215801934
    - 0.6021677871429172
    - 52.538941543908834
- - - 0.3718473467458297
    - 0.19154316455830322
    - -0.908317547352839
    - -125.98788583085008
  - - -0.9270127133532883
    - 0.025230586112485624
    - -0.37418023305059095
    - -16.52487973929823
  - - -0.048754281857706076
    - 0.9811598410225582
    - 0.18694487520423814
    - 57.264738226466754
- - - -0.9952935149183859
    - -0.08629200290307837
    - 0.04409659166398123
    - 58.0976916839088
  - - 0.0720553904866716
    - -0.3547239984099056
    - 0.9321903805843003
    - 98.90095386663297
  - - -0.06479845571630576
    - 0.9309804375963356
    - 0.35927229916835735
    - 52.72217388171813
- - - -0.9984488735703492
    - -0.052078691832849765
    - 0.019689000052827775
    - 59.49305517312837
  - - 0.037204147728537834
    - -0.3609856165706221
    - 0.9318289735895322
    - 102.3517361251704
  - - -0.041420988132760905
    - 0.9311161015072755
    - 0.36236322558449396
    - 48.176041082746714
- - - 0.5811433043848688
    - 0.20283711043362124
    - -0.7881177363818015
    - -122.10763741091624
  - - -0.8133728347784438
    - 0.1133521822850814
    - -0.5705925993348391
    - -47.4460615178452
  - - -0.02640248876743211
    - 0.9726296260150356
    - 0.23085605728405087
    - 66.25860282996089
- - - 0.8224516570261599
    - 0.09432702964875439
    - -0.5609596093593254
    - -93.87200600976803
  - - -0.5684115365479622
    - 0.17432674509124002
    - -0.8040637481351081
    - -96.8056115969329
  - - 0.021945317817435767
    - 0.9801594755056633
    - 0.19699189222492108
    - 56.32031534732892
- - - 0.9873659801034994
    - -0.04665997221535741
    - -0.15143073772229376
    - -46.40435609124446
  - - -0.14455815761879684
    - 0.12614233309809889
    - -0.981422972457048
    - -145.36618312244144
  - - 0.06489499518541576
    - 0.9909142035481328
    - 0.1178035687339502
    - 56.782736837312996
- - - -0.9873385320650879
    - 0.11699540900658237
    - -0.10712001386734232
    - 3.532278097863908
  - - -0.1270518097365526
    - -0.17893327339920928
    - 0.9756232476285663
    - 152.19102748762214
  - - 0.09497610616478212
    - 0.9768802167830126
    - 0.19153219394073082
    - 57.21030726850661
- - - -0.9139199402587277
    - 0.02589981046158881
    - 0.4050673309655293
    - 60.60074922035394
  - - 0.39707495136810805
    - -0.14985682645742326
    - 0.905469168199627
    - 129.01314520467176
  - - 0.08415358455525583
    - 0.9883684188510696
    - 0.12667297590385213
    - 54.09006299187197
- - - -0.9240939133538711
    - 0.043289915576494864
    - 0.3797057051345264
    - 63.23045224667393
  - - 0.3670822588614575
    - -0.1758325011705263
    - 0.9134186043437514
    - 128.46111328866633
  - - 0.1063064181105629
    - 0.9834678005616131
    - 0.14659478410572926
    - 55.99142657556042
fov: 81.0
poly_incident_angle_to_radius:
- 0.0
- 836.4153235273614
- -9.552935168719902
- 29.612132793984678
- -85.21461861636998
poly_radius_to_z:
- 852.1322436126521
- 0.0
- -0.0010710891616297223
- 1.931899205455961e-06
- -1.7229032730762872e-09
principal_point:
- 2002.9098822989506
- 1517.3703193618728
